blurriness_score:
  level_1: 1446.0177618112432
  level_2: 2218.7290530688297
  level_3: 4427.536573351002
  level_4: 17013.891534369348
face_sharpness_score:
  level_1: 886.1805730939719
  level_2: 2939.73656893882
  level_3: 6066.068443346464
  level_4: 25140.073040443658
sharpness_score:
  level_1: 164.50090782711334
  level_2: 316.812951080497
  level_3: 673.2073337380104
  level_4: 4579.923186270913
